                0    3.0000000e+02    1.0000000e+00    5.0000000e-01    0.0000000e+00    5.0000000e-01    4.8004705e-02    1.8654627e-03
                1    3.0000000e+02    1.0000000e+00    5.5000000e-01    0.0000000e+00    5.5000000e-01    7.1275410e-02    1.3354352e-03
                2    3.0000000e+02    1.0000000e+00    6.0000000e-01    0.0000000e+00    6.0000000e-01    9.7372975e-02    1.0326015e-03
                3    3.0000000e+02    1.0000000e+00    6.5000000e-01    0.0000000e+00    6.5000000e-01    1.2840817e-01    8.3419179e-04
                4    3.0000000e+02    1.0000000e+00    7.0000000e-01    0.0000000e+00    7.0000000e-01    1.6037831e-01    7.0716954e-04
                5    3.0000000e+02    1.0000000e+00    7.5000000e-01    0.0000000e+00    7.5000000e-01    1.9333800e-01    6.1974181e-04
                6    3.0000000e+02    1.0000000e+00    8.0000000e-01    0.0000000e+00    8.0000000e-01    2.2570537e-01    5.5880183e-04
                7    3.0000000e+02    1.0000000e+00    8.5000000e-01    0.0000000e+00    8.5000000e-01    2.5531475e-01    5.1676683e-04
                8    3.0000000e+02    1.0000000e+00    9.0000000e-01    0.0000000e+00    9.0000000e-01    2.8172843e-01    4.8642088e-04
                9    3.0000000e+02    1.0000000e+00    9.5000000e-01    0.0000000e+00    9.5000000e-01    3.0331147e-01    4.6483636e-04
               10    3.0000000e+02    1.0000000e+00    1.0000000e+00    0.0000000e+00    1.0000000e+00    3.1951077e-01    4.4910043e-04
               11    3.0000000e+02    1.0000000e+00    1.0500000e+00    0.0000000e+00    1.0500000e+00    3.3066311e-01    4.3621795e-04
               12    3.0000000e+02    1.0000000e+00    1.1000000e+00    0.0000000e+00    1.1000000e+00    3.3495806e-01    4.2638207e-04
               13    3.0000000e+02    1.0000000e+00    1.1500000e+00    0.0000000e+00    1.1500000e+00    3.3195261e-01    4.2227054e-04
               14    3.0000000e+02    1.0000000e+00    1.2000000e+00    0.0000000e+00    1.2000000e+00    3.2025774e-01    4.2684031e-04
               15    3.0000000e+02    1.0000000e+00    1.2500000e+00    0.0000000e+00    1.2500000e+00    3.0024208e-01    4.4256933e-04
               16    3.0000000e+02    1.0000000e+00    1.3000000e+00    0.0000000e+00    1.3000000e+00    2.7227621e-01    4.7322722e-04
               17    3.0000000e+02    1.0000000e+00    1.3500000e+00    0.0000000e+00    1.3500000e+00    2.3834450e-01    5.2442219e-04
               18    3.0000000e+02    1.0000000e+00    1.4000000e+00    0.0000000e+00    1.4000000e+00    2.0195132e-01    5.9865141e-04
               19    3.0000000e+02    1.0000000e+00    1.4500000e+00    0.0000000e+00    1.4500000e+00    1.6760381e-01    7.0250619e-04
               20    3.0000000e+02    1.0000000e+00    1.5000000e+00    0.0000000e+00    1.5000000e+00    1.3773111e-01    8.3487402e-04
               21    3.0000000e+02    1.0000000e+00    1.5500000e+00    0.0000000e+00    1.5500000e+00    1.1554826e-01    9.7515553e-04
               22    3.0000000e+02    1.0000000e+00    1.6000000e+00    0.0000000e+00    1.6000000e+00    9.8830758e-02    1.1199514e-03
               23    3.2300000e+02    1.0000000e+00    5.0000000e-01    0.0000000e+00    5.0000000e-01    0.0000000e+00   6.9090718e-312
               24    3.2300000e+02    1.0000000e+00    6.0000000e-01    0.0000000e+00    6.0000000e-01    1.1373457e-01    9.7111334e-04
               25    3.2300000e+02    1.0000000e+00    7.0000000e-01    0.0000000e+00    7.0000000e-01    1.8396189e-01    6.7747884e-04
               26    3.2300000e+02    1.0000000e+00    8.0000000e-01    0.0000000e+00    8.0000000e-01    2.5570117e-01    5.4133928e-04
               27    3.2300000e+02    1.0000000e+00    9.0000000e-01    0.0000000e+00    9.0000000e-01    3.1728781e-01    4.7374390e-04
               28    3.2300000e+02    1.0000000e+00    1.0000000e+00    0.0000000e+00    1.0000000e+00    3.5913254e-01    4.3809960e-04
               29    3.2300000e+02    1.0000000e+00    1.1000000e+00    0.0000000e+00    1.1000000e+00    3.7553139e-01    4.1700567e-04
               30    3.2300000e+02    1.0000000e+00    1.2000000e+00    0.0000000e+00    1.2000000e+00    3.6073075e-01    4.1568101e-04
               31    3.2300000e+02    1.0000000e+00    1.3000000e+00    0.0000000e+00    1.3000000e+00    3.0924422e-01    4.5711691e-04
               32    3.2300000e+02    1.0000000e+00    1.4000000e+00    0.0000000e+00    1.4000000e+00    2.3279117e-01    5.6925668e-04
               33    3.2300000e+02    1.0000000e+00    1.5000000e+00    0.0000000e+00    1.5000000e+00    1.6141327e-01    7.7896282e-04
               34    3.2300000e+02    1.0000000e+00    1.6000000e+00    0.0000000e+00    1.6000000e+00    1.1574536e-01    1.0437549e-03
               35    3.2300000e+02    2.0000000e+00    5.0000000e-01    0.0000000e+00    5.0000000e-01    4.5891351e-02    1.0658272e-03
               36    3.2300000e+02    2.0000000e+00    6.0000000e-01    0.0000000e+00    6.0000000e-01    9.3163338e-02    5.8123077e-04
               37    3.2300000e+02    2.0000000e+00    7.0000000e-01    0.0000000e+00    7.0000000e-01    1.5480503e-01    3.9231748e-04
               38    3.2300000e+02    2.0000000e+00    8.0000000e-01    0.0000000e+00    8.0000000e-01    2.1847651e-01    3.0776531e-04
               39    3.2300000e+02    2.0000000e+00    9.0000000e-01    0.0000000e+00    9.0000000e-01    2.7436610e-01    2.6610695e-04
               40    3.2300000e+02    2.0000000e+00    1.0000000e+00    0.0000000e+00    1.0000000e+00    3.1384367e-01    2.4466846e-04
               41    3.2300000e+02    2.0000000e+00    1.1000000e+00    0.0000000e+00    1.1000000e+00    3.2774847e-01    2.3171249e-04
               42    3.2300000e+02    2.0000000e+00    1.2000000e+00    0.0000000e+00    1.2000000e+00    3.0887419e-01    2.3441143e-04
               43    3.2300000e+02    2.0000000e+00    1.3000000e+00    0.0000000e+00    1.3000000e+00    2.5367740e-01    2.6915002e-04
               44    3.2300000e+02    2.0000000e+00    1.4000000e+00    0.0000000e+00    1.4000000e+00    1.7957106e-01    3.5904179e-04
               45    3.2300000e+02    2.0000000e+00    1.5000000e+00    0.0000000e+00    1.5000000e+00    1.2102868e-01    5.1056873e-04
               46    3.2300000e+02    2.0000000e+00    1.6000000e+00    0.0000000e+00    1.6000000e+00    9.1069256e-02    6.5764914e-04
               47    3.2300000e+02    3.0000000e+00    5.0000000e-01    0.0000000e+00    5.0000000e-01    3.8804705e-02    8.3778480e-04
               48    3.2300000e+02    3.0000000e+00    6.0000000e-01    0.0000000e+00    6.0000000e-01    8.2961693e-02    4.3286245e-04
               49    3.2300000e+02    3.0000000e+00    7.0000000e-01    0.0000000e+00    7.0000000e-01    1.3793043e-01    2.8910994e-04
               50    3.2300000e+02    3.0000000e+00    8.0000000e-01    0.0000000e+00    8.0000000e-01    1.9799139e-01    2.2299720e-04
               51    3.2300000e+02    3.0000000e+00    9.0000000e-01    0.0000000e+00    9.0000000e-01    2.4944323e-01    1.9182992e-04
               52    3.2300000e+02    3.0000000e+00    1.0000000e+00    0.0000000e+00    1.0000000e+00    2.8537447e-01    1.7607683e-04
               53    3.2300000e+02    3.0000000e+00    1.1000000e+00    0.0000000e+00    1.1000000e+00    2.9734004e-01    1.6673099e-04
               54    3.2300000e+02    3.0000000e+00    1.2000000e+00    0.0000000e+00    1.2000000e+00    2.7660604e-01    1.7075686e-04
               55    3.2300000e+02    3.0000000e+00    1.3000000e+00    0.0000000e+00    1.3000000e+00    2.2053098e-01    2.0233501e-04
               56    3.2300000e+02    3.0000000e+00    1.4000000e+00    0.0000000e+00    1.4000000e+00    1.4939187e-01    2.8374549e-04
               57    3.2300000e+02    3.0000000e+00    1.5000000e+00    0.0000000e+00    1.5000000e+00    1.0300423e-01    3.9760150e-04
               58    3.2300000e+02    3.0000000e+00    1.6000000e+00    0.0000000e+00    1.6000000e+00    8.0464965e-02    4.9727303e-04
               59    3.2300000e+02    5.0000000e+00    5.0000000e-01    0.0000000e+00    5.0000000e-01    0.0000000e+00   6.9090718e-312
               60    3.2300000e+02    5.0000000e+00    6.0000000e-01    0.0000000e+00    6.0000000e-01    6.9722940e-02    3.0631099e-04
               61    3.2300000e+02    5.0000000e+00    7.0000000e-01    0.0000000e+00    7.0000000e-01    1.1939281e-01    1.9749610e-04
               62    3.2300000e+02    5.0000000e+00    8.0000000e-01    0.0000000e+00    8.0000000e-01    1.7126605e-01    1.5111369e-04
               63    3.2300000e+02    5.0000000e+00    9.0000000e-01    0.0000000e+00    9.0000000e-01    2.1868148e-01    1.2853570e-04
               64    3.2300000e+02    5.0000000e+00    1.0000000e+00    0.0000000e+00    1.0000000e+00    2.5052682e-01    1.1772336e-04
               65    3.2300000e+02    5.0000000e+00    1.1000000e+00    0.0000000e+00    1.1000000e+00    2.5924500e-01    1.1173978e-04
               66    3.2300000e+02    5.0000000e+00    1.2000000e+00    0.0000000e+00    1.2000000e+00    2.3527889e-01    1.1728278e-04
               67    3.2300000e+02    5.0000000e+00    1.3000000e+00    0.0000000e+00    1.3000000e+00    1.7902413e-01    1.4608877e-04
               68    3.2300000e+02    5.0000000e+00    1.4000000e+00    0.0000000e+00    1.4000000e+00    1.1731498e-01    2.1464051e-04
               69    3.2300000e+02    5.0000000e+00    1.5000000e+00    0.0000000e+00    1.5000000e+00    8.6171412e-02    2.8536189e-04
               70    3.2300000e+02    5.0000000e+00    1.6000000e+00    0.0000000e+00    1.6000000e+00    7.0346085e-02    3.4149332e-04
               71    3.2300000e+02    1.0000000e+01    5.0000000e-01    0.0000000e+00    5.0000000e-01    2.5399075e-02    3.9370294e-04
               72    3.2300000e+02    1.0000000e+01    6.0000000e-01    0.0000000e+00    6.0000000e-01    5.3503696e-02    1.9977007e-04
               73    3.2300000e+02    1.0000000e+01    7.0000000e-01    0.0000000e+00    7.0000000e-01    9.4501587e-02    1.2271604e-04
               74    3.2300000e+02    1.0000000e+01    8.0000000e-01    0.0000000e+00    8.0000000e-01    1.3809425e-01    9.1175792e-05
               75    3.2300000e+02    1.0000000e+01    9.0000000e-01    0.0000000e+00    9.0000000e-01    1.7711649e-01    7.6739122e-05
               76    3.2300000e+02    1.0000000e+01    1.0000000e+00    0.0000000e+00    1.0000000e+00    2.0366495e-01    7.0183869e-05
               77    3.2300000e+02    1.0000000e+01    1.1000000e+00    0.0000000e+00    1.1000000e+00    2.0780056e-01    6.7190937e-05
               78    3.2300000e+02    1.0000000e+01    1.2000000e+00    0.0000000e+00    1.2000000e+00    1.8048550e-01    7.3769719e-05
               79    3.2300000e+02    1.0000000e+01    1.3000000e+00    0.0000000e+00    1.3000000e+00    1.2844322e-01    9.9803488e-05
               80    3.2300000e+02    1.0000000e+01    1.4000000e+00    0.0000000e+00    1.4000000e+00    8.8455037e-02    1.4224967e-04
               81    3.2300000e+02    1.0000000e+01    1.5000000e+00    0.0000000e+00    1.5000000e+00    7.1359226e-02    1.7266988e-04
               82    3.2300000e+02    1.0000000e+01    1.6000000e+00    0.0000000e+00    1.6000000e+00    6.0824973e-02    1.9828794e-04
               83    3.7300000e+02    1.0000000e+00    5.0000000e-01    0.0000000e+00    5.0000000e-01    8.1937057e-02    1.4372640e-03
               84    3.7300000e+02    1.0000000e+00    6.0000000e-01    0.0000000e+00    6.0000000e-01    1.5540602e-01    8.5732768e-04
               85    3.7300000e+02    1.0000000e+00    7.0000000e-01    0.0000000e+00    7.0000000e-01    2.4369419e-01    6.1821513e-04
               86    3.7300000e+02    1.0000000e+00    8.0000000e-01    0.0000000e+00    8.0000000e-01    3.3116325e-01    5.0474977e-04
               87    3.7300000e+02    1.0000000e+00    9.0000000e-01    0.0000000e+00    9.0000000e-01    4.0471551e-01    4.4681731e-04
               88    3.7300000e+02    1.0000000e+00    1.0000000e+00    0.0000000e+00    1.0000000e+00    4.5357624e-01    4.1596826e-04
               89    3.7300000e+02    1.0000000e+00    1.1000000e+00    0.0000000e+00    1.1000000e+00    4.7400395e-01    3.9709961e-04
