                0    3.2300000e+02    1.0000000e+00    6.0000000e-01    0.0000000e+00    6.0000000e-01    8.1042468e-02    1.4653474e-03
                1    3.2300000e+02    1.0000000e+00    8.0000000e-01    0.0000000e+00    8.0000000e-01    2.1192631e-01    7.5765174e-04
                2    3.2300000e+02    1.0000000e+00    1.0000000e+00    0.0000000e+00    1.0000000e+00    3.7510195e-01    4.8206817e-04
                3    3.2300000e+02    1.0000000e+00    1.2000000e+00    0.0000000e+00    1.2000000e+00    4.1544964e-01    3.9365166e-04
                4    3.2300000e+02    1.0000000e+00    1.4000000e+00    0.0000000e+00    1.4000000e+00    2.2576544e-01    6.2050984e-04
                5    3.7300000e+02    1.0000000e+00    6.0000000e-01    0.0000000e+00    6.0000000e-01    1.1138081e-01    1.3067298e-03
                6    3.7300000e+02    1.0000000e+00    8.0000000e-01    0.0000000e+00    8.0000000e-01    2.7803157e-01    7.0563108e-04
                7    3.7300000e+02    1.0000000e+00    1.0000000e+00    0.0000000e+00    1.0000000e+00    4.7588845e-01    4.5482812e-04
                8    3.7300000e+02    1.0000000e+00    1.2000000e+00    0.0000000e+00    1.2000000e+00    5.2240578e-01    3.7656022e-04
                9    3.7300000e+02    1.0000000e+00    1.4000000e+00    0.0000000e+00    1.4000000e+00    3.0232967e-01    5.5708610e-04
               10    4.2300000e+02    1.0000000e+00    6.0000000e-01    0.0000000e+00    6.0000000e-01    1.4998245e-01    1.1741203e-03
               11    4.2300000e+02    1.0000000e+00    8.0000000e-01    0.0000000e+00    8.0000000e-01    3.5574920e-01    6.5877684e-04
               12    4.2300000e+02    1.0000000e+00    1.0000000e+00    0.0000000e+00    1.0000000e+00    5.9443911e-01    4.2913334e-04
               13    4.2300000e+02    1.0000000e+00    1.2000000e+00    0.0000000e+00    1.2000000e+00    6.4439996e-01    3.6108453e-04
               14    4.2300000e+02    1.0000000e+00    1.4000000e+00    0.0000000e+00    1.4000000e+00    3.9545785e-01    5.0427106e-04
               15    4.7300000e+02    1.0000000e+00    6.0000000e-01    0.0000000e+00    6.0000000e-01    1.9685755e-01    1.0688463e-03
               16    4.7300000e+02    1.0000000e+00    8.0000000e-01    0.0000000e+00    8.0000000e-01    4.4910859e-01    6.1531252e-04
               17    4.7300000e+02    1.0000000e+00    1.0000000e+00    0.0000000e+00    1.0000000e+00    7.2891547e-01    4.0579161e-04
               18    4.7300000e+02    1.0000000e+00    1.2000000e+00    0.0000000e+00    1.2000000e+00    7.8161307e-01    3.4679204e-04
               19    4.7300000e+02    1.0000000e+00    1.4000000e+00    0.0000000e+00    1.4000000e+00    5.0412334e-01    4.6311234e-04
               20    3.0000000e+02    1.0000000e+00    9.0000000e-01    0.0000000e+00    9.0000000e-01    2.6018989e-01    6.1268052e-04
               21    3.3000000e+02    1.0000000e+00    9.0000000e-01    0.0000000e+00    9.0000000e-01    3.0648848e-01    5.8857207e-04
               22    3.6000000e+02    1.0000000e+00    9.0000000e-01    0.0000000e+00    9.0000000e-01    3.5636624e-01    5.6625754e-04
               23    3.9000000e+02    1.0000000e+00    9.0000000e-01    0.0000000e+00    9.0000000e-01    4.1134564e-01    5.4514692e-04
               24    4.2000000e+02    1.0000000e+00    9.0000000e-01    0.0000000e+00    9.0000000e-01    4.7269258e-01    5.2461140e-04
               25    4.5000000e+02    1.0000000e+00    9.0000000e-01    0.0000000e+00    9.0000000e-01    5.4046319e-01    5.0455184e-04
               26    4.8000000e+02    1.0000000e+00    9.0000000e-01    0.0000000e+00    9.0000000e-01    6.1353443e-01    4.8627974e-04
               27    5.1000000e+02    1.0000000e+00    9.0000000e-01    0.0000000e+00    9.0000000e-01    6.9484044e-01    4.6824025e-04
               28    5.4000000e+02    1.0000000e+00    9.0000000e-01    0.0000000e+00    9.0000000e-01    7.8382771e-01    4.5115515e-04
               29    5.7000000e+02    1.0000000e+00    9.0000000e-01    0.0000000e+00    9.0000000e-01    8.7894111e-01    4.3523736e-04
               30    6.0000000e+02    1.0000000e+00    9.0000000e-01    0.0000000e+00    9.0000000e-01    9.8285550e-01    4.1995617e-04
               31    6.3000000e+02    1.0000000e+00    9.0000000e-01    0.0000000e+00    9.0000000e-01    1.0973998e+00    4.0557344e-04
               32    6.6000000e+02    1.0000000e+00    9.0000000e-01    0.0000000e+00    9.0000000e-01    1.2229835e+00    3.9162528e-04
               33    6.9000000e+02    1.0000000e+00    9.0000000e-01    0.0000000e+00    9.0000000e-01    1.3584686e+00    3.7883045e-04
               34    7.2000000e+02    1.0000000e+00    9.0000000e-01    0.0000000e+00    9.0000000e-01    1.5077575e+00    3.6643336e-04
               35    7.5000000e+02    1.0000000e+00    9.0000000e-01    0.0000000e+00    9.0000000e-01    1.6740522e+00    3.5387397e-04
               36    7.8000000e+02    1.0000000e+00    9.0000000e-01    0.0000000e+00    9.0000000e-01    1.8518240e+00    3.4247428e-04
               37    8.1000000e+02    1.0000000e+00    9.0000000e-01    0.0000000e+00    9.0000000e-01    2.0404032e+00    3.3192577e-04
               38    8.4000000e+02    1.0000000e+00    9.0000000e-01    0.0000000e+00    9.0000000e-01    2.2443139e+00    3.2221300e-04
               39    8.7000000e+02    1.0000000e+00    9.0000000e-01    0.0000000e+00    9.0000000e-01    2.4599237e+00    3.1313568e-04
               40    9.0000000e+02    1.0000000e+00    9.0000000e-01    0.0000000e+00    9.0000000e-01    2.6922693e+00    3.0498770e-04
