                0    3.0000000e+02    1.0000000e+00    5.0000000e-01    0.0000000e+00    5.0000000e-01    3.3622189e-02    2.7652355e-03
                1    3.0000000e+02    1.0000000e+00    5.5000000e-01    0.0000000e+00    5.5000000e-01    4.9372128e-02    2.0143447e-03
                2    3.0000000e+02    1.0000000e+00    6.0000000e-01    0.0000000e+00    6.0000000e-01    6.9097376e-02    1.5522757e-03
                3    3.0000000e+02    1.0000000e+00    6.5000000e-01    0.0000000e+00    6.5000000e-01    9.5108871e-02    1.2365102e-03
                4    3.0000000e+02    1.0000000e+00    7.0000000e-01    0.0000000e+00    7.0000000e-01    1.1952200e-01    1.0456341e-03
                5    3.0000000e+02    1.0000000e+00    7.5000000e-01    0.0000000e+00    7.5000000e-01    1.4996838e-01    8.9831676e-04
                6    3.0000000e+02    1.0000000e+00    8.0000000e-01    0.0000000e+00    8.0000000e-01    1.8233509e-01    7.8685007e-04
                7    3.0000000e+02    1.0000000e+00    8.5000000e-01    0.0000000e+00    8.5000000e-01    2.1875848e-01    6.9398558e-04
                8    3.0000000e+02    1.0000000e+00    9.0000000e-01    0.0000000e+00    9.0000000e-01    2.5818669e-01    6.1450214e-04
                9    3.0000000e+02    1.0000000e+00    9.5000000e-01    0.0000000e+00    9.5000000e-01    2.9520008e-01    5.5044834e-04
               10    3.0000000e+02    1.0000000e+00    1.0000000e+00    0.0000000e+00    1.0000000e+00    3.3251997e-01    4.9555912e-04
               11    3.0000000e+02    1.0000000e+00    1.0500000e+00    0.0000000e+00    1.0500000e+00    3.6279055e-01    4.5160594e-04
               12    3.0000000e+02    1.0000000e+00    1.1000000e+00    0.0000000e+00    1.1000000e+00    3.8197870e-01    4.1907082e-04
               13    3.0000000e+02    1.0000000e+00    1.1500000e+00    0.0000000e+00    1.1500000e+00    3.8559477e-01    4.0107754e-04
               14    3.0000000e+02    1.0000000e+00    1.2000000e+00    0.0000000e+00    1.2000000e+00    3.7012001e-01    4.0140000e-04
               15    3.0000000e+02    1.0000000e+00    1.2500000e+00    0.0000000e+00    1.2500000e+00    3.3884919e-01    4.2082604e-04
               16    3.0000000e+02    1.0000000e+00    1.3000000e+00    0.0000000e+00    1.3000000e+00    2.9519081e-01    4.6322490e-04
               17    3.0000000e+02    1.0000000e+00    1.3500000e+00    0.0000000e+00    1.3500000e+00    2.4904445e-01    5.2940518e-04
               18    3.0000000e+02    1.0000000e+00    1.4000000e+00    0.0000000e+00    1.4000000e+00    2.0311513e-01    6.2497715e-04
               19    3.0000000e+02    1.0000000e+00    1.4500000e+00    0.0000000e+00    1.4500000e+00    1.6454590e-01    7.4639397e-04
               20    3.0000000e+02    1.0000000e+00    1.5000000e+00    0.0000000e+00    1.5000000e+00    1.3684862e-01    8.7252538e-04
               21    3.0000000e+02    1.0000000e+00    1.5500000e+00    0.0000000e+00    1.5500000e+00    1.1844244e-01    9.8554341e-04
               22    3.0000000e+02    1.0000000e+00    1.6000000e+00    0.0000000e+00    1.6000000e+00    1.0556354e-01    1.0812279e-03
               23    3.2300000e+02    1.0000000e+00    5.0000000e-01    0.0000000e+00    5.0000000e-01    3.9342401e-02    2.5832982e-03
               24    3.2300000e+02    1.0000000e+00    6.0000000e-01    0.0000000e+00    6.0000000e-01    8.3342402e-02    1.4444316e-03
               25    3.2300000e+02    1.0000000e+00    7.0000000e-01    0.0000000e+00    7.0000000e-01    1.3750430e-01    1.0063609e-03
               26    3.2300000e+02    1.0000000e+00    8.0000000e-01    0.0000000e+00    8.0000000e-01    2.0874382e-01    7.5997711e-04
               27    3.2300000e+02    1.0000000e+00    9.0000000e-01    0.0000000e+00    9.0000000e-01    2.9333764e-01    5.9495234e-04
               28    3.2300000e+02    1.0000000e+00    1.0000000e+00    0.0000000e+00    1.0000000e+00    3.7386311e-01    4.8260868e-04
               29    3.2300000e+02    1.0000000e+00    1.1000000e+00    0.0000000e+00    1.1000000e+00    4.2774247e-01    4.1028035e-04
               30    3.2300000e+02    1.0000000e+00    1.2000000e+00    0.0000000e+00    1.2000000e+00    4.1453881e-01    3.9323987e-04
               31    3.2300000e+02    1.0000000e+00    1.3000000e+00    0.0000000e+00    1.3000000e+00    3.3476340e-01    4.4859734e-04
               32    3.2300000e+02    1.0000000e+00    1.4000000e+00    0.0000000e+00    1.4000000e+00    2.3417179e-01    5.9503686e-04
               33    3.2300000e+02    1.0000000e+00    1.5000000e+00    0.0000000e+00    1.5000000e+00    1.5768115e-01    8.2959754e-04
               34    3.2300000e+02    1.0000000e+00    1.6000000e+00    0.0000000e+00    1.6000000e+00    1.2092648e-01    1.0330090e-03
               35    3.2300000e+02    2.0000000e+00    5.0000000e-01    0.0000000e+00    5.0000000e-01    3.4893277e-02    1.4356571e-03
               36    3.2300000e+02    2.0000000e+00    6.0000000e-01    0.0000000e+00    6.0000000e-01    6.9007720e-02    8.1436295e-04
               37    3.2300000e+02    2.0000000e+00    7.0000000e-01    0.0000000e+00    7.0000000e-01    1.2007592e-01    5.3897120e-04
               38    3.2300000e+02    2.0000000e+00    8.0000000e-01    0.0000000e+00    8.0000000e-01    1.8259884e-01    4.0463130e-04
               39    3.2300000e+02    2.0000000e+00    9.0000000e-01    0.0000000e+00    9.0000000e-01    2.5287731e-01    3.2483092e-04
               40    3.2300000e+02    2.0000000e+00    1.0000000e+00    0.0000000e+00    1.0000000e+00    3.2353506e-01    2.6831234e-04
               41    3.2300000e+02    2.0000000e+00    1.1000000e+00    0.0000000e+00    1.1000000e+00    3.7399968e-01    2.2755063e-04
               42    3.2300000e+02    2.0000000e+00    1.2000000e+00    0.0000000e+00    1.2000000e+00    3.6492093e-01    2.1640941e-04
               43    3.2300000e+02    2.0000000e+00    1.3000000e+00    0.0000000e+00    1.3000000e+00    2.8373988e-01    2.5511914e-04
               44    3.2300000e+02    2.0000000e+00    1.4000000e+00    0.0000000e+00    1.4000000e+00    1.8688418e-01    3.5898955e-04
               45    3.2300000e+02    2.0000000e+00    1.5000000e+00    0.0000000e+00    1.5000000e+00    1.3188301e-01    4.8347215e-04
               46    3.2300000e+02    2.0000000e+00    1.6000000e+00    0.0000000e+00    1.6000000e+00    1.0705547e-01    5.7237166e-04
               47    3.2300000e+02    3.0000000e+00    5.0000000e-01    0.0000000e+00    5.0000000e-01    3.1406130e-02    1.0490308e-03
               48    3.2300000e+02    3.0000000e+00    6.0000000e-01    0.0000000e+00    6.0000000e-01    6.4949001e-02    5.7241122e-04
               49    3.2300000e+02    3.0000000e+00    7.0000000e-01    0.0000000e+00    7.0000000e-01    1.0899315e-01    3.8184879e-04
               50    3.2300000e+02    3.0000000e+00    8.0000000e-01    0.0000000e+00    8.0000000e-01    1.6764405e-01    2.8246054e-04
               51    3.2300000e+02    3.0000000e+00    9.0000000e-01    0.0000000e+00    9.0000000e-01    2.3264751e-01    2.2626159e-04
               52    3.2300000e+02    3.0000000e+00    1.0000000e+00    0.0000000e+00    1.0000000e+00    2.9529424e-01    1.8943310e-04
               53    3.2300000e+02    3.0000000e+00    1.1000000e+00    0.0000000e+00    1.1000000e+00    3.4259118e-01    1.6111967e-04
               54    3.2300000e+02    3.0000000e+00    1.2000000e+00    0.0000000e+00    1.2000000e+00    3.3396025e-01    1.5379118e-04
               55    3.2300000e+02    3.0000000e+00    1.3000000e+00    0.0000000e+00    1.3000000e+00    2.5047876e-01    1.8735618e-04
               56    3.2300000e+02    3.0000000e+00    1.4000000e+00    0.0000000e+00    1.4000000e+00    1.6285763e-01    2.6942160e-04
               57    3.2300000e+02    3.0000000e+00    1.5000000e+00    0.0000000e+00    1.5000000e+00    1.2026616e-01    3.4840724e-04
               58    3.2300000e+02    3.0000000e+00    1.6000000e+00    0.0000000e+00    1.6000000e+00    1.0041252e-01    4.0247511e-04
               59    3.2300000e+02    5.0000000e+00    5.0000000e-01    0.0000000e+00    5.0000000e-01    2.8077171e-02    7.0291507e-04
               60    3.2300000e+02    5.0000000e+00    6.0000000e-01    0.0000000e+00    6.0000000e-01    5.6484225e-02    3.8391866e-04
               61    3.2300000e+02    5.0000000e+00    7.0000000e-01    0.0000000e+00    7.0000000e-01    9.7635472e-02    2.4867151e-04
               62    3.2300000e+02    5.0000000e+00    8.0000000e-01    0.0000000e+00    8.0000000e-01    1.4858497e-01    1.8253256e-04
               63    3.2300000e+02    5.0000000e+00    9.0000000e-01    0.0000000e+00    9.0000000e-01    2.0577451e-01    1.4580351e-04
               64    3.2300000e+02    5.0000000e+00    1.0000000e+00    0.0000000e+00    1.0000000e+00    2.6140810e-01    1.2242714e-04
               65    3.2300000e+02    5.0000000e+00    1.1000000e+00    0.0000000e+00    1.1000000e+00    3.0208399e-01    1.0456250e-04
               66    3.2300000e+02    5.0000000e+00    1.2000000e+00    0.0000000e+00    1.2000000e+00    2.9113544e-01    1.0148254e-04
               67    3.2300000e+02    5.0000000e+00    1.3000000e+00    0.0000000e+00    1.3000000e+00    2.0957870e-01    1.2996899e-04
               68    3.2300000e+02    5.0000000e+00    1.4000000e+00    0.0000000e+00    1.4000000e+00    1.3802429e-01    1.8662658e-04
               69    3.2300000e+02    5.0000000e+00    1.5000000e+00    0.0000000e+00    1.5000000e+00    1.0931516e-01    2.2728618e-04
               70    3.2300000e+02    5.0000000e+00    1.6000000e+00    0.0000000e+00    1.6000000e+00    9.3614718e-02    2.5673494e-04
               71    3.2300000e+02    1.0000000e+01    5.0000000e-01    0.0000000e+00    5.0000000e-01    2.4347583e-02    4.0930261e-04
               72    3.2300000e+02    1.0000000e+01    6.0000000e-01    0.0000000e+00    6.0000000e-01    4.8039783e-02    2.2300917e-04
               73    3.2300000e+02    1.0000000e+01    7.0000000e-01    0.0000000e+00    7.0000000e-01    8.2921959e-02    1.4208354e-04
               74    3.2300000e+02    1.0000000e+01    8.0000000e-01    0.0000000e+00    8.0000000e-01    1.2568348e-01    1.0320222e-04
               75    3.2300000e+02    1.0000000e+01    9.0000000e-01    0.0000000e+00    9.0000000e-01    1.7281411e-01    8.2011163e-05
               76    3.2300000e+02    1.0000000e+01    1.0000000e+00    0.0000000e+00    1.0000000e+00    2.1916372e-01    6.8935963e-05
               77    3.2300000e+02    1.0000000e+01    1.1000000e+00    0.0000000e+00    1.1000000e+00    2.4947498e-01    5.9374106e-05
               78    3.2300000e+02    1.0000000e+01    1.2000000e+00    0.0000000e+00    1.2000000e+00    2.3332818e-01    5.9835981e-05
               79    3.2300000e+02    1.0000000e+01    1.3000000e+00    0.0000000e+00    1.3000000e+00    1.6091758e-01    8.1512907e-05
               80    3.2300000e+02    1.0000000e+01    1.4000000e+00    0.0000000e+00    1.4000000e+00    1.1747593e-01    1.0741724e-04
               81    3.2300000e+02    1.0000000e+01    1.5000000e+00    0.0000000e+00    1.5000000e+00    9.8677575e-02    1.2397735e-04
               82    3.2300000e+02    1.0000000e+01    1.6000000e+00    0.0000000e+00    1.6000000e+00    8.7254364e-02    1.3581486e-04
               83    3.7300000e+02    1.0000000e+00    5.0000000e-01    0.0000000e+00    5.0000000e-01    5.6386604e-02    2.1880507e-03
               84    3.7300000e+02    1.0000000e+00    6.0000000e-01    0.0000000e+00    6.0000000e-01    1.1300127e-01    1.2963907e-03
               85    3.7300000e+02    1.0000000e+00    7.0000000e-01    0.0000000e+00    7.0000000e-01    1.8401953e-01    9.2536734e-04
               86    3.7300000e+02    1.0000000e+00    8.0000000e-01    0.0000000e+00    8.0000000e-01    2.7348775e-01    7.0842025e-04
               87    3.7300000e+02    1.0000000e+00    9.0000000e-01    0.0000000e+00    9.0000000e-01    3.7617699e-01    5.5910964e-04
               88    3.7300000e+02    1.0000000e+00    1.0000000e+00    0.0000000e+00    1.0000000e+00    4.7621020e-01    4.5404852e-04
               89    3.7300000e+02    1.0000000e+00    1.1000000e+00    0.0000000e+00    1.1000000e+00    5.3757397e-01    3.9091378e-04
               90    3.7300000e+02    1.0000000e+00    1.2000000e+00    0.0000000e+00    1.2000000e+00    5.2145201e-01    3.7644332e-04
               91    3.7300000e+02    1.0000000e+00    1.3000000e+00    0.0000000e+00    1.3000000e+00    4.2881329e-01    4.2241451e-04
               92    3.7300000e+02    1.0000000e+00    1.4000000e+00    0.0000000e+00    1.4000000e+00    3.0751420e-01    5.4577213e-04
               93    3.7300000e+02    1.0000000e+00    1.5000000e+00    0.0000000e+00    1.5000000e+00    2.1089608e-01    7.4530821e-04
               94    3.7300000e+02    1.0000000e+00    1.6000000e+00    0.0000000e+00    1.6000000e+00    1.6030885e-01    9.3443579e-04
               95    3.7300000e+02    2.0000000e+00    5.0000000e-01    0.0000000e+00    5.0000000e-01    4.9113227e-02    1.2232190e-03
               96    3.7300000e+02    2.0000000e+00    6.0000000e-01    0.0000000e+00    6.0000000e-01    9.4837282e-02    7.1876814e-04
               97    3.7300000e+02    2.0000000e+00    7.0000000e-01    0.0000000e+00    7.0000000e-01    1.6046911e-01    4.9261775e-04
               98    3.7300000e+02    2.0000000e+00    8.0000000e-01    0.0000000e+00    8.0000000e-01    2.3897978e-01    3.7769662e-04
               99    3.7300000e+02    2.0000000e+00    9.0000000e-01    0.0000000e+00    9.0000000e-01    3.2507367e-01    3.0626258e-04
              100    3.7300000e+02    2.0000000e+00    1.0000000e+00    0.0000000e+00    1.0000000e+00    4.1161880e-01    2.5395875e-04
              101    3.7300000e+02    2.0000000e+00    1.1000000e+00    0.0000000e+00    1.1000000e+00    4.7127052e-01    2.1695210e-04
              102    3.7300000e+02    2.0000000e+00    1.2000000e+00    0.0000000e+00    1.2000000e+00    4.6036300e-01    2.0652347e-04
              103    3.7300000e+02    2.0000000e+00    1.3000000e+00    0.0000000e+00    1.3000000e+00    3.6680674e-01    2.3778482e-04
              104    3.7300000e+02    2.0000000e+00    1.4000000e+00    0.0000000e+00    1.4000000e+00    2.5150480e-01    3.2131314e-04
              105    3.7300000e+02    2.0000000e+00    1.5000000e+00    0.0000000e+00    1.5000000e+00    1.7592734e-01    4.3400502e-04
              106    3.7300000e+02    2.0000000e+00    1.6000000e+00    0.0000000e+00    1.6000000e+00    1.4088570e-01    5.2028813e-04
              107    3.7300000e+02    3.0000000e+00    5.0000000e-01    0.0000000e+00    5.0000000e-01    4.4821742e-02    8.8199795e-04
              108    3.7300000e+02    3.0000000e+00    6.0000000e-01    0.0000000e+00    6.0000000e-01    8.6592766e-02    5.1138761e-04
              109    3.7300000e+02    3.0000000e+00    7.0000000e-01    0.0000000e+00    7.0000000e-01    1.4611787e-01    3.4626613e-04
              110    3.7300000e+02    3.0000000e+00    8.0000000e-01    0.0000000e+00    8.0000000e-01    2.1991405e-01    2.6241510e-04
              111    3.7300000e+02    3.0000000e+00    9.0000000e-01    0.0000000e+00    9.0000000e-01    2.9917178e-01    2.1304345e-04
              112    3.7300000e+02    3.0000000e+00    1.0000000e+00    0.0000000e+00    1.0000000e+00    3.7488575e-01    1.7976579e-04
              113    3.7300000e+02    3.0000000e+00    1.1000000e+00    0.0000000e+00    1.1000000e+00    4.3183053e-01    1.5390398e-04
              114    3.7300000e+02    3.0000000e+00    1.2000000e+00    0.0000000e+00    1.2000000e+00    4.2297410e-01    1.4635786e-04
              115    3.7300000e+02    3.0000000e+00    1.3000000e+00    0.0000000e+00    1.3000000e+00    3.2788605e-01    1.7248958e-04
              116    3.7300000e+02    3.0000000e+00    1.4000000e+00    0.0000000e+00    1.4000000e+00    2.1749396e-01    2.4224002e-04
              117    3.7300000e+02    3.0000000e+00    1.5000000e+00    0.0000000e+00    1.5000000e+00    1.5933777e-01    3.1484832e-04
              118    3.7300000e+02    3.0000000e+00    1.6000000e+00    0.0000000e+00    1.6000000e+00    1.3158506e-01    3.6713675e-04
              119    3.7300000e+02    5.0000000e+00    5.0000000e-01    0.0000000e+00    5.0000000e-01    4.0666646e-02    5.8317270e-04
              120    3.7300000e+02    5.0000000e+00    6.0000000e-01    0.0000000e+00    6.0000000e-01    7.7498806e-02    3.3596217e-04
              121    3.7300000e+02    5.0000000e+00    7.0000000e-01    0.0000000e+00    7.0000000e-01    1.3114561e-01    2.2396069e-04
              122    3.7300000e+02    5.0000000e+00    8.0000000e-01    0.0000000e+00    8.0000000e-01    1.9454238e-01    1.6881082e-04
              123    3.7300000e+02    5.0000000e+00    9.0000000e-01    0.0000000e+00    9.0000000e-01    2.6679352e-01    1.3643712e-04
              124    3.7300000e+02    5.0000000e+00    1.0000000e+00    0.0000000e+00    1.0000000e+00    3.3371754e-01    1.1565083e-04
              125    3.7300000e+02    5.0000000e+00    1.1000000e+00    0.0000000e+00    1.1000000e+00    3.8191036e-01    9.9655896e-05
              126    3.7300000e+02    5.0000000e+00    1.2000000e+00    0.0000000e+00    1.2000000e+00    3.7086266e-01    9.6046155e-05
              127    3.7300000e+02    5.0000000e+00    1.3000000e+00    0.0000000e+00    1.3000000e+00    2.7668407e-01    1.1834790e-04
              128    3.7300000e+02    5.0000000e+00    1.4000000e+00    0.0000000e+00    1.4000000e+00    1.8425407e-01    1.6743422e-04
              129    3.7300000e+02    5.0000000e+00    1.5000000e+00    0.0000000e+00    1.5000000e+00    1.4366409e-01    2.0619487e-04
              130    3.7300000e+02    5.0000000e+00    1.6000000e+00    0.0000000e+00    1.6000000e+00    1.2248845e-01    2.3434161e-04
              131    3.7300000e+02    1.0000000e+01    5.0000000e-01    0.0000000e+00    5.0000000e-01    3.3087116e-02    3.5318426e-04
              132    3.7300000e+02    1.0000000e+01    6.0000000e-01    0.0000000e+00    6.0000000e-01    6.6270735e-02    1.9368722e-04
              133    3.7300000e+02    1.0000000e+01    7.0000000e-01    0.0000000e+00    7.0000000e-01    1.1055529e-01    1.2781434e-04
              134    3.7300000e+02    1.0000000e+01    8.0000000e-01    0.0000000e+00    8.0000000e-01    1.6465189e-01    9.4760886e-05
              135    3.7300000e+02    1.0000000e+01    9.0000000e-01    0.0000000e+00    9.0000000e-01    2.2290710e-01    7.6421845e-05
              136    3.7300000e+02    1.0000000e+01    1.0000000e+00    0.0000000e+00    1.0000000e+00    2.7886742e-01    6.4944588e-05
              137    3.7300000e+02    1.0000000e+01    1.1000000e+00    0.0000000e+00    1.1000000e+00    3.1590404e-01    5.6306766e-05
              138    3.7300000e+02    1.0000000e+01    1.2000000e+00    0.0000000e+00    1.2000000e+00    2.9974021e-01    5.5966965e-05
              139    3.7300000e+02    1.0000000e+01    1.3000000e+00    0.0000000e+00    1.3000000e+00    2.1655772e-01    7.2548084e-05
              140    3.7300000e+02    1.0000000e+01    1.4000000e+00    0.0000000e+00    1.4000000e+00    1.5412364e-01    9.7776916e-05
              141    3.7300000e+02    1.0000000e+01    1.5000000e+00    0.0000000e+00    1.5000000e+00    1.2863019e-01    1.1341011e-04
              142    3.7300000e+02    1.0000000e+01    1.6000000e+00    0.0000000e+00    1.6000000e+00    1.1349070e-01    1.2461333e-04
              143    4.0000000e+02    1.0000000e+00    5.0000000e-01    0.0000000e+00    5.0000000e-01    6.7254470e-02    2.0190884e-03
              144    4.0000000e+02    1.0000000e+00    6.0000000e-01    0.0000000e+00    6.0000000e-01    1.3188313e-01    1.2276897e-03
              145    4.0000000e+02    1.0000000e+00    7.0000000e-01    0.0000000e+00    7.0000000e-01    2.1349693e-01    8.8575223e-04
              146    4.0000000e+02    1.0000000e+00    8.0000000e-01    0.0000000e+00    8.0000000e-01    3.1346527e-01    6.8284534e-04
              147    4.0000000e+02    1.0000000e+00    9.0000000e-01    0.0000000e+00    9.0000000e-01    4.2892837e-01    5.3969812e-04
              148    4.0000000e+02    1.0000000e+00    1.0000000e+00    0.0000000e+00    1.0000000e+00    5.3585318e-01    4.4121223e-04
              149    4.0000000e+02    1.0000000e+00    1.1000000e+00    0.0000000e+00    1.1000000e+00    6.0240225e-01    3.8147200e-04
