                0    3.0000000e+02    1.0000000e+00    9.0000000e-01    0.0000000e+00    9.0000000e-01    3.2615307e-01    4.4938906e-04
                1    3.2000000e+02    1.0000000e+00    9.0000000e-01    0.0000000e+00    9.0000000e-01    3.6188063e-01    4.3938713e-04
                2    3.4000000e+02    1.0000000e+00    9.0000000e-01    0.0000000e+00    9.0000000e-01    4.0136917e-01    4.2897734e-04
                3    3.6000000e+02    1.0000000e+00    9.0000000e-01    0.0000000e+00    9.0000000e-01    4.4230023e-01    4.1978881e-04
                4    3.8000000e+02    1.0000000e+00    9.0000000e-01    0.0000000e+00    9.0000000e-01    4.8630927e-01    4.1041605e-04
                5    4.0000000e+02    1.0000000e+00    9.0000000e-01    0.0000000e+00    9.0000000e-01    5.3240507e-01    4.0186464e-04
                6    4.2000000e+02    1.0000000e+00    9.0000000e-01    0.0000000e+00    9.0000000e-01    5.8130439e-01    3.9371836e-04
                7    4.4000000e+02    1.0000000e+00    9.0000000e-01    0.0000000e+00    9.0000000e-01    6.3533031e-01    3.8523090e-04
                8    4.6000000e+02    1.0000000e+00    9.0000000e-01    0.0000000e+00    9.0000000e-01    6.8814686e-01    3.7849521e-04
                9    4.8000000e+02    1.0000000e+00    9.0000000e-01    0.0000000e+00    9.0000000e-01    7.4717090e-01    3.7093767e-04
               10    5.0000000e+02    1.0000000e+00    9.0000000e-01    0.0000000e+00    9.0000000e-01    8.1058913e-01    3.6371352e-04
               11    5.2000000e+02    1.0000000e+00    9.0000000e-01    0.0000000e+00    9.0000000e-01    8.7585292e-01    3.5708003e-04
               12    5.4000000e+02    1.0000000e+00    9.0000000e-01    0.0000000e+00    9.0000000e-01    9.4534753e-01    3.5061254e-04
               13    5.6000000e+02    1.0000000e+00    9.0000000e-01    0.0000000e+00    9.0000000e-01    1.0147962e+00    3.4534645e-04
               14    5.8000000e+02    1.0000000e+00    9.0000000e-01    0.0000000e+00    9.0000000e-01    1.0941332e+00    3.3908396e-04
               15    6.0000000e+02    1.0000000e+00    9.0000000e-01    0.0000000e+00    9.0000000e-01    1.1731506e+00    3.3332983e-04
               16    6.2000000e+02    1.0000000e+00    9.0000000e-01    0.0000000e+00    9.0000000e-01    1.2587367e+00    3.2803527e-04
               17    6.4000000e+02    1.0000000e+00    9.0000000e-01    0.0000000e+00    9.0000000e-01    1.3507969e+00    3.2258220e-04
               18    6.6000000e+02    1.0000000e+00    9.0000000e-01    0.0000000e+00    9.0000000e-01    1.4471312e+00    3.1777580e-04
               19    6.8000000e+02    1.0000000e+00    9.0000000e-01    0.0000000e+00    9.0000000e-01    1.5400869e+00    3.1348578e-04
               20    7.0000000e+02    1.0000000e+00    9.0000000e-01    0.0000000e+00    9.0000000e-01    1.6489340e+00    3.0864825e-04
               21    7.2000000e+02    1.0000000e+00    9.0000000e-01    0.0000000e+00    9.0000000e-01    1.7630584e+00    3.0460505e-04
               22    7.4000000e+02    1.0000000e+00    9.0000000e-01    0.0000000e+00    9.0000000e-01    1.8808163e+00    3.0028873e-04
               23    7.6000000e+02    1.0000000e+00    9.0000000e-01    0.0000000e+00    9.0000000e-01    2.0016356e+00    2.9664045e-04
               24    7.8000000e+02    1.0000000e+00    9.0000000e-01    0.0000000e+00    9.0000000e-01    2.1304281e+00    2.9287957e-04
               25    8.0000000e+02    1.0000000e+00    9.0000000e-01    0.0000000e+00    9.0000000e-01    2.2624605e+00    2.8966522e-04
               26    4.2300000e+02    1.0000000e+00    6.0000000e-01    0.0000000e+00    6.0000000e-01    1.9387062e-01    8.3572867e-04
               27    4.2300000e+02    1.0000000e+00    8.0000000e-01    0.0000000e+00    8.0000000e-01    4.6864127e-01    4.5291739e-04
               28    4.2300000e+02    1.0000000e+00    1.0000000e+00    0.0000000e+00    1.0000000e+00    6.8058037e-01    3.5699478e-04
               29    4.2300000e+02    1.0000000e+00    1.2000000e+00    0.0000000e+00    1.2000000e+00    7.3337033e-01    3.1958549e-04
               30    4.2300000e+02    1.0000000e+00    1.4000000e+00    0.0000000e+00    1.4000000e+00    5.4230562e-01    3.8010177e-04
               31    3.7300000e+02    1.0000000e+00    6.0000000e-01    0.0000000e+00    6.0000000e-01    1.4654262e-01    9.3456011e-04
               32    3.7300000e+02    1.0000000e+00    8.0000000e-01    0.0000000e+00    8.0000000e-01    3.6981957e-01    4.8168831e-04
               33    3.7300000e+02    1.0000000e+00    1.0000000e+00    0.0000000e+00    1.0000000e+00    5.4704803e-01    3.7419114e-04
               34    3.7300000e+02    1.0000000e+00    1.2000000e+00    0.0000000e+00    1.2000000e+00    5.8905283e-01    3.3444268e-04
               35    3.7300000e+02    1.0000000e+00    1.4000000e+00    0.0000000e+00    1.4000000e+00    4.1560486e-01    4.1633324e-04
               36    3.2300000e+02    1.0000000e+00    6.0000000e-01    0.0000000e+00    6.0000000e-01    1.0245189e-01    1.0931027e-03
               37    3.2300000e+02    1.0000000e+00    8.0000000e-01    0.0000000e+00    8.0000000e-01    2.8615687e-01    5.1428289e-04
               38    3.2300000e+02    1.0000000e+00    1.0000000e+00    0.0000000e+00    1.0000000e+00    4.3125992e-01    3.9378525e-04
               39    3.2300000e+02    1.0000000e+00    1.2000000e+00    0.0000000e+00    1.2000000e+00    4.6590695e-01    3.4998336e-04
               40    3.2300000e+02    1.0000000e+00    1.4000000e+00    0.0000000e+00    1.4000000e+00    3.1014063e-01    4.6123128e-04
               41    3.0000000e+02    1.0000000e+00    6.0000000e-01    0.0000000e+00    6.0000000e-01    8.7089304e-02    1.1694144e-03
               42    3.0000000e+02    1.0000000e+00    8.0000000e-01    0.0000000e+00    8.0000000e-01    2.5139063e-01    5.3151907e-04
               43    3.0000000e+02    1.0000000e+00    1.0000000e+00    0.0000000e+00    1.0000000e+00    3.8432399e-01    4.0264235e-04
               44    3.0000000e+02    1.0000000e+00    1.2000000e+00    0.0000000e+00    1.2000000e+00    4.1451591e-01    3.5809097e-04
               45    3.0000000e+02    1.0000000e+00    1.4000000e+00    0.0000000e+00    1.4000000e+00    2.6668538e-01    4.8776746e-04
